%YAML:1.0
---
model_type: PINHOLE
camera_name: camera
image_width: 640
image_height: 480
distortion_parameters:
   k1: 0.0
   k2: 0.0
   p1: 0.0
   p2: 0.0
# projection_parameters:
#    fx: 382.600830078125
#    fy: 382.600830078125
#    cx: 321.42095947265625
#    cy: 235.15451049804688
projection_parameters:
   fx: 382.600830078125
   fy: 382.600830078125
   cx: 321.1910400390625
   cy: 241.39932250976562